E - MI
	84.2496620099144
	166.569025086375
	250.691001952832
	333.010365029292

	83.8486574450773
	166.517493897478
	250.488201790073
	333.157038242474

	84.2496620099144
	165.968153823043



A - LA
	110.687997596515
	219.445696259576
	330.606879975965

	110.537021969081
	219.894222945484
	329.902359641985

	330.006008712633

	110.687997596515

	110.537021969081
	219.894222945484
	329.902359641985

D - RE
	148.291293734744
        296.053702196908

	148.200585855768
	296.0594225136
	298.849211884503

	148.291293734744
	296.053702196908

	148.54288718642
	296.357217966051

	143.735917079766
	147.942015923088
	293.352861649392
	296.357217966051
	299.962445546042

	148.54288718642
	296.357217966051


G - SOL
	394.344995931652

	394.817966243549

	394.260008369368

	394.817966243549

	394.995931651749

	196.612588252967

	394.344995931652

	394.900105152471

	394.900105152471



B - SI
	247.890899622445
        250.494727249056

        249.837266069976


E - MI
	330.652810712791

	331.210768586972

	330.652810712791

	331.210768586972

	331.210768586972


